carbon:
  mean: 0.15871238708496094
  std: 0.016265634447336197
mp_20:
  mean: 0.057714514434337616
  std: 0.021232400089502335
mpts_52:
  mean: 0.05840563029050827
  std: 0.02042463608086109
perov:
  mean: 0.07243924587965012
  std: 0.015480561181902885
