docking:
  mean: 0.09261954575777054
  std: 0.02231031470000744
